0    0.000000e+00
1    5.888573e-18
2    -9.999092e-01
3    -1.999864e+00
4    -2.999818e+00
5    -3.999773e+00
6    -4.999728e+00
7    -5.999682e+00
8    -6.999637e+00
9    -7.999591e+00
10    -8.999546e+00
11    -9.999501e+00
12    -1.099946e+01
13    -1.199941e+01
14    -1.299936e+01
15    -1.399932e+01
16    -1.499927e+01
17    -1.599923e+01
18    -1.699918e+01
19    -1.799914e+01
20    -1.899909e+01
21    -1.999905e+01
22    -2.099900e+01
23    -2.199896e+01
24    -2.299891e+01
25    -2.399887e+01
26    -2.499882e+01
27    -2.599877e+01
28    -2.699873e+01
29    -2.799868e+01
30    -2.899864e+01
31    -2.999859e+01
32    -3.099855e+01
33    -3.199850e+01
34    -3.299846e+01
35    -3.399841e+01
36    -3.499837e+01
37    -3.599832e+01
38    -3.699827e+01
39    -3.799823e+01
40    -3.899818e+01
41    -3.999814e+01
42    -4.099809e+01
43    -4.199805e+01
44    -4.299800e+01
45    -4.399796e+01
46    -4.499791e+01
47    -4.599787e+01
48    -4.699782e+01
49    -4.799778e+01
50    -4.899773e+01
51    -4.999768e+01
52    -5.099764e+01
53    -5.199759e+01
54    -5.299755e+01
55    -5.399750e+01
56    -5.499746e+01
57    -5.599741e+01
58    -5.699737e+01
59    -5.799732e+01
60    -5.899728e+01
61    -5.999723e+01
62    -6.099719e+01
63    -6.199714e+01
64    -6.299709e+01
65    -6.399705e+01
66    -6.499700e+01
67    -6.599696e+01
68    -6.699691e+01
69    -6.799687e+01
70    -6.899682e+01
71    -6.999678e+01
72    -7.099673e+01
73    -7.199669e+01
74    -7.299664e+01
75    -7.399660e+01
76    -7.499655e+01
77    -7.599650e+01
78    -7.699646e+01
79    -7.799641e+01
80    -7.899637e+01
81    -7.999632e+01
82    -8.099628e+01
83    -8.199623e+01
84    -8.299619e+01
85    -8.399614e+01
86    -8.499610e+01
87    -8.599605e+01
88    -8.699600e+01
89    -8.799596e+01
90    -8.899591e+01
91    -8.999587e+01
92    -9.099582e+01
93    -9.199578e+01
94    -9.299573e+01
95    -9.399569e+01
96    -9.499564e+01
97    -9.599560e+01
98    -9.699555e+01
99    -9.799551e+01
100    -9.899546e+01
